drivetrain_gen:
  uptilt: 0.1047197551196598
  distance_tt_hub: 5.614
  overhang: 14.0
  drag_coefficient: 0.5
  lss_diameter: [1.9993558992654206, 1.707808255192981]
  lss_wall_thickness: [0.27309423777868835, 0.006417058292072209]
  generator_length: 2.15
  gear_ratio: 120.0
  gearbox_efficiency: 0.96
  mb1Type: CARB
  mb2Type: SRB
  uptower: true
  lss_material: steel_drive
  bedplate_material: steel
  generator_rpm_efficiency_user:
      grid: [0.66673458, 0.68427487, 0.70181515, 0.71935544, 0.73689573, 0.75443601, 0.77197629, 0.78951658, 0.80705686, 0.82459715, 0.84213744, 0.85967772, 0.877218, 0.89475829, 0.91229857, 0.92983886, 0.94737915, 0.96491943, 0.98245971, 1.0]
      values: [0.9767781914958524, 0.9767781914958524, 0.9767781914958524, 0.9767781914958524, 0.9767781914958524, 0.9767781914958524, 0.9767781914958524, 0.9767781914958524, 0.9767781914958524, 0.9767781914958524, 0.9767781914958524, 0.9767781914958524, 0.9767781914958524, 0.9767781914958524, 0.9767781914958524, 0.9767781914958524, 0.9767781914958524, 0.9767781914958524, 0.9767781914958524, 0.9767781914958524]
  generator_mass_user: 6809.771745731742
  distance_hub_mb: 5.0
  distance_mb_mb: 0.8166314693474518
  generator_radius_user: 0.632195346589699
  damping_ratio: 0.005
  brake_mass_user: 0.0
  hvac_mass_coefficient: 0.025
  converter_mass_user: 0.0
  transformer_mass_user: 0.0
  gearbox_length_user: 0.0
  gearbox_radius_user: 0.0
  gearbox_mass_user: 0.0
  hss_length: 0.8039351434505708
  hss_diameter: [0.5, 0.5]
  hss_wall_thickness: [0.09772538173367754, 0.09772538173367754]
  hss_material: steel_drive
  bedplate_flange_width: 0.01
  bedplate_flange_thickness: 0.1825279010710968
  bedplate_web_thickness: 0.320827953336518
  gear_configuration: eep
  planet_numbers: [3, 3, 0]
  nose_diameter: [0.3, 0.3]
  nose_wall_thickness: [0.1, 0.1]
  bedplate_wall_thickness:
      grid: [0.0, 1.0]
      values: [0.05, 0.05]

generator_gen: {}

drivetrain_dd:
  uptilt: 0.10471975511965977
  distance_tt_hub: 5.614
  overhang: 12.0313
  drag_coefficient: 0.5
  distance_hub2mb: 1.0
  distance_mb2mb: 1.2
  lss_diameter: [3.0, 3.0]
  lss_wall_thickness: [0.1, 0.1]
  nose_diameter: [2.2, 2.2]
  nose_wall_thickness: [0.1, 0.1]
  generator_length: 2.15
  bedplate_wall_thickness:
      grid: [0.0, 1.0]
      values: [0.05, 0.05]
  gear_ratio: 1.0
  gearbox_efficiency: 1.0
  mb1Type: CARB
  mb2Type: SRB
  uptower: true
  lss_material: steel_drive
  bedplate_material: steel_drive
generator_dd: {generator_type: PMSG_Outer, rho_Fe: 7700.0, rho_Fes: 7850.0, rho_Copper: 8900.0, rho_PM: 7450.0, B_r: 1.279, P_Fe0e: 1.0, P_Fe0h: 4.0, S_N: -0.002, alpha_p: 1.0995574287564276, b_r_tau_r: 0.45, b_ro: 0.004, b_s_tau_s: 0.45, b_so: 0.004, cofi: 0.9, freq: 60.0, h_i: 0.004, h_sy0: 0.0, h_w: 0.005, k_fes: 0.8, k_fillr: 0.55, k_fills: 0.65, k_s: 0.2, m: 3, mu_0: 1.2566370614359173e-06, mu_r: 1.06, phi: 1.5707963267948966, q1: 5, q2: 4, ratio_mw2pp: 0.8, resist_Cu: 2.52e-08, y_tau_pr: 0.8333333, y_tau_p: 0.8, rad_ag: 5.12623359, len_s: 2.23961662, tau_p: 0.1610453779, tau_s: 0.1339360726, h_s: 0.3769449149, b_s: 0.05121796888, b_t: 0.08159225451, h_t: 0.3859449149, h_ys: 0.03618114528, h_yr: 0.0361759511, h_m: 0.0995385122, b_m: 0.1288363023, B_g: 1.38963289, B_symax: 1.63455514, B_rymax: 1.63478983, p: 100, R_s: 0.02457052, L_s: 0.01138752, S: 240, t_r: 0.0607657125, h_sr: 0.04677116325, t_s: 0.06065213554, h_ss: 0.04650825863, E_p: 1905.2558883257652, b: 2.0, c: 5.0, N_c: 2, B_tmax: 1.9, u_allow_pcent: 8.5, y_allow_pcent: 1.0, z_allow_deg: 0.05, sigma: 60000.0, h_0: 0.05, C_Cu: 4.786, C_Fe: 0.556, C_Fes: 0.50139, C_PM: 50.0}